 PDEW2015  8 10  7 43 37.30 -19.6400 -174.8500  46.3 0.0 5.6 TONGA ISLANDS                           
event name:     201508100743A  
time shift:      8.9700
half duration:   1.6000
latitude:      -19.6200
longitude:    -174.4700
depth:         109.3700
Mrr:      -4.480000e+23
Mtt:       1.590000e+24
Mpp:      -1.140000e+24
Mrt:      -9.660000e+22
Mrp:      -3.650000e+24
Mtp:      -1.960000e+23
