 PDEW2010  2 17 19 38  6.30 -29.7600 -177.8400  45.0 5.8 5.9 KERMADEC ISLANDS, NEW ZE                
event name:     201002171938A  
time shift:      3.0100
half duration:   2.2000
latitude:      -29.6600
longitude:    -177.3300
depth:          47.8700
Mrr:       7.290000e+24
Mtt:      -6.250000e+23
Mpp:      -6.660000e+24
Mrt:       2.140000e+24
Mrp:       3.750000e+24
Mtp:      -2.860000e+24
