 PDEW2009 12  8  3  8 57.20  -9.9500   33.8800   8.0 5.9 5.9 TANZANIA                                
event name:     200912080308A  
time shift:      4.2400
half duration:   2.3000
latitude:       -9.8900
longitude:      33.8900
depth:          12.0000
Mrr:      -8.950000e+24
Mtt:      -2.090000e+23
Mpp:       9.160000e+24
Mrt:       2.060000e+24
Mrp:      -2.890000e+24
Mtp:      -2.880000e+24
