 PDEW2016  7 12  7 16 21.80 -31.7800   57.4400  10.0 0.0 4.7 SOUTHWEST INDIAN RIDGE                  
event name:     201607120716A  
time shift:      0.1700
half duration:   0.7000
latitude:      -31.8800
longitude:      57.0900
depth:          14.0900
Mrr:      -2.540000e+23
Mtt:       2.080000e+23
Mpp:       4.600000e+22
Mrt:       1.530000e+22
Mrp:       1.190000e+23
Mtp:      -1.770000e+22
