 PDEW2010  4 12 10 23 12.40 -56.9200  147.5200  10.0 5.6 5.7 WEST OF MACQUARIE ISLAND                
event name:     201004121023A  
time shift:      3.1700
half duration:   1.8000
latitude:      -56.9300
longitude:     147.3600
depth:          12.0000
Mrr:      -2.760000e+23
Mtt:       2.360000e+24
Mpp:      -2.080000e+24
Mrt:       3.980000e+23
Mrp:       2.870000e+23
Mtp:      -4.390000e+24
