 PDEW2018  3 24 19 58 33.40 -45.7800   96.0700  10.0 0.0 6.0 SOUTHEAST INDIAN RIDGE                  
event name:     201803241958A  
time shift:      5.3400
half duration:   2.6000
latitude:      -45.6900
longitude:      95.9300
depth:          12.0000
Mrr:       4.150000e+23
Mtt:      -1.470000e+25
Mpp:       1.430000e+25
Mrt:      -7.260000e+23
Mrp:      -2.920000e+23
Mtp:      -5.170000e+24
