 PDEW2013  7 21 22 47 25.00 -41.6000  174.2600  15.7 5.0 5.0 COOK STRAIT, NEW ZEALAND                
event name:     201307212247A  
time shift:      1.1600
half duration:   0.8000
latitude:      -41.8400
longitude:     174.3200
depth:          27.9800
Mrr:       1.550000e+23
Mtt:       3.080000e+23
Mpp:      -4.640000e+23
Mrt:      -1.500000e+23
Mrp:       2.100000e+23
Mtp:      -1.430000e+23
