 PDEW2015 12 18 11 46 48.30  -1.3400  -15.8300  10.0 0.0 5.4 NORTH OF ASCENSION ISLAN                
event name:     201512181146A  
time shift:      2.4900
half duration:   1.4000
latitude:       -1.1500
longitude:     -15.9400
depth:          12.0000
Mrr:      -2.080000e+24
Mtt:      -4.990000e+22
Mpp:       2.130000e+24
Mrt:       4.460000e+23
Mrp:      -3.750000e+23
Mtp:      -3.060000e+23
