 PDEW2010 11  4 12 29 31.40  12.8400  -44.8500  10.0 5.6 5.4 NORTHERN MID-ATLANTIC RI                
event name:     201011041229A  
time shift:      3.7800
half duration:   1.3000
latitude:       12.8700
longitude:     -44.8500
depth:          12.0000
Mrr:      -1.670000e+24
Mtt:      -1.720000e+23
Mpp:       1.850000e+24
Mrt:       1.770000e+23
Mrp:      -1.400000e+23
Mtp:       3.000000e+23
