 PDEW2017  3 10 13 46 40.40  11.9800  -69.5600  15.0 0.0 5.2 NEAR COAST OF VENEZUELA                 
event name:     201703101346A  
time shift:      2.7300
half duration:   1.0000
latitude:       12.0600
longitude:     -69.7300
depth:          19.7800
Mrr:      -8.030000e+23
Mtt:       1.600000e+23
Mpp:       6.420000e+23
Mrt:      -8.690000e+22
Mrp:       9.830000e+22
Mtp:      -3.800000e+23
