 PDEW2017  5 12 10 41 26.70  12.9100  -90.0700  16.0 0.0 6.2 OFF COAST OF CENTRAL AME                
event name:     201705121041A  
time shift:      2.2700
half duration:   3.1000
latitude:       12.6900
longitude:     -90.3800
depth:          17.6800
Mrr:      -2.220000e+25
Mtt:      -4.670000e+24
Mpp:       2.690000e+25
Mrt:       8.520000e+24
Mrp:      -4.540000e+23
Mtp:      -3.460000e+24
