 PDEW2015  9 13 15  4 54.50  24.9000 -109.3200  10.0 0.0 4.9 GULF OF CALIFORNIA                      
event name:     201509131505A  
time shift:      4.4400
half duration:   1.0000
latitude:       25.2000
longitude:    -109.7000
depth:          15.0300
Mrr:      -7.280000e+22
Mtt:      -6.470000e+23
Mpp:       7.200000e+23
Mrt:       2.550000e+22
Mrp:       4.210000e+22
Mtp:       3.080000e+23
